<keras.callbacks.History object at 0x000001E37AF55E48>
0 : stats: 
conf_mat:
[[ 980    0    0    0    0    0    0    0    0    0]
 [1135    0    0    0    0    0    0    0    0    0]
 [1032    0    0    0    0    0    0    0    0    0]
 [1010    0    0    0    0    0    0    0    0    0]
 [ 982    0    0    0    0    0    0    0    0    0]
 [ 892    0    0    0    0    0    0    0    0    0]
 [ 958    0    0    0    0    0    0    0    0    0]
 [1028    0    0    0    0    0    0    0    0    0]
 [ 974    0    0    0    0    0    0    0    0    0]
 [1009    0    0    0    0    0    0    0    0    0]]
W_0:
W_0: sim_mat:
[[1.000 0.345 0.202 0.236 0.547 0.403 0.923 0.320]
 [0.345 1.000 0.274 0.593 0.755 0.432 0.470 0.780]
 [0.202 0.274 1.000 0.594 0.488 0.762 0.285 0.584]
 [0.236 0.593 0.594 1.000 0.535 0.756 0.294 0.846]
 [0.547 0.755 0.488 0.535 1.000 0.658 0.754 0.714]
 [0.403 0.432 0.762 0.756 0.658 1.000 0.485 0.642]
 [0.923 0.470 0.285 0.294 0.754 0.485 1.000 0.425]
 [0.320 0.780 0.584 0.846 0.714 0.642 0.425 1.000]]
W_0: eigenvalues of sim_mat:
[4.831 1.467 0.877 0.378 0.231 0.129 0.025 0.062]
W_0: det_1, det_2:  0.000109522036 56.304615
W_1:
W_1: sim_mat:
[[1.000 0.165 0.058 0.067 0.074 0.053 0.078 0.059]
 [0.165 1.000 0.092 0.194 0.191 0.044 0.140 0.027]
 [0.058 0.092 1.000 0.073 0.047 0.025 0.129 0.068]
 [0.067 0.194 0.073 1.000 0.112 0.024 0.151 0.020]
 [0.074 0.191 0.047 0.112 1.000 0.032 0.133 0.027]
 [0.053 0.044 0.025 0.024 0.032 1.000 0.042 0.070]
 [0.078 0.140 0.129 0.151 0.133 0.042 1.000 0.044]
 [0.059 0.027 0.068 0.020 0.027 0.070 0.044 1.000]]
W_1: eigenvalues of sim_mat:
[1.620 0.750 1.066 0.990 0.841 0.941 0.911 0.881]
W_1: det_1, det_2:  0.81424445 242.11995
W_2:
W_2: sim_mat:
[[1.000 0.103 0.091 0.066 0.118 0.081 0.047 0.103]
 [0.103 1.000 0.032 0.129 0.101 0.082 0.030 0.042]
 [0.091 0.032 1.000 0.030 0.055 0.054 0.140 0.050]
 [0.066 0.129 0.030 1.000 0.156 0.035 0.017 0.084]
 [0.118 0.101 0.055 0.156 1.000 0.052 0.025 0.145]
 [0.081 0.082 0.054 0.035 0.052 1.000 0.032 0.065]
 [0.047 0.030 0.140 0.017 0.025 0.032 1.000 0.044]
 [0.103 0.042 0.050 0.084 0.145 0.065 0.044 1.000]]
W_2: eigenvalues of sim_mat:
[1.522 1.107 0.985 0.967 0.907 0.819 0.828 0.866]
W_2: det_1, det_2:  0.85389316 245.37148
Epoch 1/1
 - 14s - loss: 5.8185 - acc: 0.2631
<keras.callbacks.History object at 0x000001E38E0E3240>
1 : stats: 
conf_mat:
[[705  53  14 154   0  13  11  19  11   0]
 [  7 997   1 118   0   1   0   9   2   0]
 [117  19  49 744   0  15   7  80   1   0]
 [ 47  24   1 887   0   9   3  38   1   0]
 [229 282  13 144   0   3  54 243  14   0]
 [ 53  13  11 643   0  82   6  81   3   0]
 [358  66  11 123   0  65 154 150  31   0]
 [ 78  76  62 147   0   5   7 649   4   0]
 [157 161   5 532   0  21  10  49  39   0]
 [234 254   9 127   0  21  65 277  22   0]]
W_0:
W_0: sim_mat:
[[1.000 0.185 0.076 0.100 0.272 0.382 0.689 0.178]
 [0.185 1.000 0.131 0.552 0.511 0.303 0.398 0.632]
 [0.076 0.131 1.000 0.356 0.376 0.524 0.204 0.439]
 [0.100 0.552 0.356 1.000 0.338 0.520 0.198 0.632]
 [0.272 0.511 0.376 0.338 1.000 0.509 0.662 0.566]
 [0.382 0.303 0.524 0.520 0.509 1.000 0.462 0.449]
 [0.689 0.398 0.204 0.198 0.662 0.462 1.000 0.468]
 [0.178 0.632 0.439 0.632 0.566 0.449 0.468 1.000]]
W_0: eigenvalues of sim_mat:
[3.856 1.360 1.001 0.665 0.427 0.152 0.305 0.233]
W_0: det_1, det_2:  0.016095612 101.024506
W_1:
W_1: sim_mat:
[[1.000 0.035 0.014 0.009 0.013 0.015 0.016 0.018]
 [0.035 1.000 0.009 0.028 0.030 0.006 0.028 0.002]
 [0.014 0.009 1.000 0.011 0.006 0.003 0.016 0.023]
 [0.009 0.028 0.011 1.000 0.016 0.004 0.025 0.003]
 [0.013 0.030 0.006 0.016 1.000 0.005 0.028 0.006]
 [0.015 0.006 0.003 0.004 0.005 1.000 0.009 0.021]
 [0.016 0.028 0.016 0.025 0.028 0.009 1.000 0.008]
 [0.018 0.002 0.023 0.003 0.006 0.021 0.008 1.000]]
W_1: eigenvalues of sim_mat:
[1.108 1.026 0.954 0.999 0.967 0.972 0.991 0.984]
W_1: det_1, det_2:  0.99198467 255.47502
W_2:
W_2: sim_mat:
[[1.000 0.021 0.017 0.006 0.018 0.014 0.009 0.016]
 [0.021 1.000 0.004 0.026 0.014 0.016 0.015 0.004]
 [0.017 0.004 1.000 0.007 0.017 0.008 0.020 0.009]
 [0.006 0.026 0.007 1.000 0.027 0.005 0.003 0.010]
 [0.018 0.014 0.017 0.027 1.000 0.011 0.004 0.023]
 [0.014 0.016 0.008 0.005 0.011 1.000 0.006 0.012]
 [0.009 0.015 0.020 0.003 0.004 0.006 1.000 0.010]
 [0.016 0.004 0.009 0.010 0.023 0.012 0.010 1.000]]
W_2: eigenvalues of sim_mat:
[1.090 0.961 0.966 0.984 0.987 1.010 0.998 1.003]
W_2: det_1, det_2:  0.9945771 255.64636
Epoch 1/1
 - 10s - loss: 5.1735 - acc: 0.4453
<keras.callbacks.History object at 0x000001E38E1A5F28>
2 : stats: 
conf_mat:
[[ 850   32   11    9    4   11   31    8   22    2]
 [   3 1092    0   25    3    0    1    7    4    0]
 [ 236   10  127  483    2   39    6  105   23    1]
 [  63    8   38  815    0   29    2   21   34    0]
 [ 262  227   20   44  132    3   74  157   40   23]
 [ 108    7   30  404    0  219   21   60   43    0]
 [ 442   30    4    9   14   22  295   53   86    3]
 [  63   75   15   81    4    4    6  778    2    0]
 [ 223   86   13  164   10   50   34   30  354   10]
 [ 275  119   11   32   68   19  166  175   99   45]]
W_0:
W_0: sim_mat:
[[1.000 0.113 0.037 0.055 0.172 0.343 0.537 0.107]
 [0.113 1.000 0.076 0.467 0.362 0.228 0.340 0.511]
 [0.037 0.076 1.000 0.284 0.308 0.398 0.140 0.381]
 [0.055 0.467 0.284 1.000 0.239 0.437 0.145 0.498]
 [0.172 0.362 0.308 0.239 1.000 0.415 0.531 0.466]
 [0.343 0.228 0.398 0.437 0.415 1.000 0.380 0.354]
 [0.537 0.340 0.140 0.145 0.531 0.380 1.000 0.474]
 [0.107 0.511 0.381 0.498 0.466 0.354 0.474 1.000]]
W_0: eigenvalues of sim_mat:
[3.283 1.310 1.025 0.806 0.554 0.259 0.344 0.419]
W_0: det_1, det_2:  0.07366085 135.05995
W_1:
W_1: sim_mat:
[[1.000 0.026 0.011 0.004 0.011 0.012 0.012 0.014]
 [0.026 1.000 0.003 0.018 0.018 0.002 0.016 0.001]
 [0.011 0.003 1.000 0.004 0.004 0.001 0.007 0.018]
 [0.004 0.018 0.004 1.000 0.010 0.002 0.014 0.002]
 [0.011 0.018 0.004 0.010 1.000 0.002 0.015 0.002]
 [0.012 0.002 0.001 0.002 0.002 1.000 0.006 0.022]
 [0.012 0.016 0.007 0.014 0.015 0.006 1.000 0.003]
 [0.014 0.001 0.018 0.002 0.002 0.022 0.003 1.000]]
W_1: eigenvalues of sim_mat:
[1.068 1.026 0.968 0.971 0.984 0.999 0.995 0.989]
W_1: det_1, det_2:  0.99627566 255.75853
W_2:
W_2: sim_mat:
[[1.000 0.018 0.015 0.004 0.011 0.005 0.005 0.009]
 [0.018 1.000 0.005 0.017 0.007 0.011 0.017 0.003]
 [0.015 0.005 1.000 0.007 0.015 0.006 0.012 0.007]
 [0.004 0.017 0.007 1.000 0.032 0.004 0.003 0.006]
 [0.011 0.007 0.015 0.032 1.000 0.007 0.003 0.016]
 [0.005 0.011 0.006 0.004 0.007 1.000 0.003 0.006]
 [0.005 0.017 0.012 0.003 0.003 0.003 1.000 0.005]
 [0.009 0.003 0.007 0.006 0.016 0.006 0.005 1.000]]
W_2: eigenvalues of sim_mat:
[1.068 0.962 0.972 1.012 1.002 0.991 0.994 0.998]
W_2: det_1, det_2:  0.99651724 255.7745
Epoch 1/1
 - 10s - loss: 4.9554 - acc: 0.5338
<keras.callbacks.History object at 0x000001E38D924320>
3 : stats: 
conf_mat:
[[ 865   17   13    5    4   10   27   13   25    1]
 [   3 1099    2   15    7    0    1    6    2    0]
 [ 195    6  297  341    1   59    7   94   30    2]
 [  47    4   80  779    0   47    4   13   36    0]
 [ 251  150   41   34  230    5   60  115   58   38]
 [  66    5   60  319    1  325   25   35   56    0]
 [ 378    6    8    6   12   36  363   31  100   18]
 [  60   50   27   53    6    6    7  815    3    1]
 [ 175   30   22  119   13   84   35   18  471    7]
 [ 291   55   20   20   88   28  169  121  129   88]]
W_0:
W_0: sim_mat:
[[1.000 0.074 0.020 0.033 0.122 0.308 0.444 0.074]
 [0.074 1.000 0.048 0.395 0.268 0.176 0.296 0.429]
 [0.020 0.048 1.000 0.240 0.256 0.312 0.104 0.337]
 [0.033 0.395 0.240 1.000 0.179 0.383 0.113 0.423]
 [0.122 0.268 0.256 0.179 1.000 0.344 0.455 0.385]
 [0.308 0.176 0.312 0.383 0.344 1.000 0.331 0.300]
 [0.444 0.296 0.104 0.113 0.455 0.331 1.000 0.464]
 [0.074 0.429 0.337 0.423 0.385 0.300 0.464 1.000]]
W_0: eigenvalues of sim_mat:
[2.913 1.275 1.034 0.882 0.318 0.640 0.429 0.508]
W_0: det_1, det_2:  0.15045552 158.81985
W_1:
W_1: sim_mat:
[[1.000 0.027 0.010 0.005 0.012 0.010 0.013 0.011]
 [0.027 1.000 0.002 0.015 0.014 0.001 0.010 0.000]
 [0.010 0.002 1.000 0.003 0.004 0.001 0.004 0.011]
 [0.005 0.015 0.003 1.000 0.008 0.001 0.010 0.001]
 [0.012 0.014 0.004 0.008 1.000 0.002 0.010 0.002]
 [0.010 0.001 0.001 0.001 0.002 1.000 0.004 0.021]
 [0.013 0.010 0.004 0.010 0.010 0.004 1.000 0.002]
 [0.011 0.000 0.011 0.001 0.002 0.021 0.002 1.000]]
W_1: eigenvalues of sim_mat:
[1.059 1.021 0.968 0.976 0.999 0.995 0.989 0.991]
W_1: det_1, det_2:  0.99720156 255.81905
W_2:
W_2: sim_mat:
[[1.000 0.014 0.016 0.003 0.006 0.002 0.003 0.006]
 [0.014 1.000 0.009 0.019 0.005 0.007 0.013 0.004]
 [0.016 0.009 1.000 0.007 0.014 0.004 0.015 0.007]
 [0.003 0.019 0.007 1.000 0.029 0.003 0.003 0.005]
 [0.006 0.005 0.014 0.029 1.000 0.005 0.006 0.011]
 [0.002 0.007 0.004 0.003 0.005 1.000 0.002 0.004]
 [0.003 0.013 0.015 0.003 0.006 0.002 1.000 0.006]
 [0.006 0.004 0.007 0.005 0.011 0.004 0.006 1.000]]
W_2: eigenvalues of sim_mat:
[1.061 0.965 0.976 1.010 0.991 0.997 0.999 1.000]
W_2: det_1, det_2:  0.9971878 255.81818
Epoch 1/1
 - 10s - loss: 4.8527 - acc: 0.5847
<keras.callbacks.History object at 0x000001E3D6F3C390>
4 : stats: 
conf_mat:
[[ 861    8   18    2    4   12   29   12   31    3]
 [   1 1102    2   13    8    0    1    7    1    0]
 [ 133    3  395  292    4   66    9   87   42    1]
 [  23    2   90  765    0   73    4   11   42    0]
 [ 176   97   48   39  364    8   57   79   69   45]
 [  37    3   61  267    2  399   30   25   65    3]
 [ 265    5    6    4   15   45  468   20  111   19]
 [  53   37   48   39   12    7    8  821    3    0]
 [ 106   18   19   98   20   94   44   10  556    9]
 [ 198   27   22   16  135   28  196   96  173  118]]
W_0:
W_0: sim_mat:
[[1.000 0.051 0.012 0.022 0.091 0.281 0.384 0.053]
 [0.051 1.000 0.032 0.336 0.205 0.137 0.259 0.365]
 [0.012 0.032 1.000 0.207 0.215 0.251 0.080 0.301]
 [0.022 0.336 0.207 1.000 0.138 0.342 0.090 0.369]
 [0.091 0.205 0.215 0.138 1.000 0.288 0.401 0.318]
 [0.281 0.137 0.251 0.342 0.288 1.000 0.296 0.257]
 [0.384 0.259 0.080 0.090 0.401 0.296 1.000 0.441]
 [0.053 0.365 0.301 0.369 0.318 0.257 0.441 1.000]]
W_0: eigenvalues of sim_mat:
[2.637 1.253 1.038 0.931 0.366 0.703 0.492 0.579]
W_0: det_1, det_2:  0.23441042 176.82329
W_1:
W_1: sim_mat:
[[1.000 0.025 0.008 0.007 0.012 0.008 0.012 0.009]
 [0.025 1.000 0.002 0.012 0.011 0.001 0.008 0.000]
 [0.008 0.002 1.000 0.002 0.003 0.001 0.003 0.007]
 [0.007 0.012 0.002 1.000 0.007 0.001 0.010 0.001]
 [0.012 0.011 0.003 0.007 1.000 0.002 0.007 0.001]
 [0.008 0.001 0.001 0.001 0.002 1.000 0.003 0.019]
 [0.012 0.008 0.003 0.010 0.007 0.003 1.000 0.002]
 [0.009 0.000 0.007 0.001 0.001 0.019 0.002 1.000]]
W_1: eigenvalues of sim_mat:
[1.051 0.972 1.018 0.980 0.999 0.996 0.992 0.991]
W_1: det_1, det_2:  0.99788684 255.86357
W_2:
W_2: sim_mat:
[[1.000 0.010 0.014 0.002 0.003 0.001 0.002 0.004]
 [0.010 1.000 0.010 0.024 0.005 0.007 0.010 0.005]
 [0.014 0.010 1.000 0.007 0.008 0.002 0.009 0.005]
 [0.002 0.024 0.007 1.000 0.022 0.002 0.003 0.005]
 [0.003 0.005 0.008 0.022 1.000 0.003 0.007 0.006]
 [0.001 0.007 0.002 0.002 0.003 1.000 0.002 0.003]
 [0.002 0.010 0.009 0.003 0.007 0.002 1.000 0.005]
 [0.004 0.005 0.005 0.005 0.006 0.003 0.005 1.000]]
W_2: eigenvalues of sim_mat:
[1.051 0.967 0.984 1.008 0.996 1.000 1.000 0.993]
W_2: det_1, det_2:  0.99797904 255.86955
Epoch 1/1
 - 10s - loss: 4.7797 - acc: 0.6185
<keras.callbacks.History object at 0x000001E3DEDE3EF0>
5 : stats: 
conf_mat:
[[ 850    7   19    3    5   10   36   12   35    3]
 [   1 1100    3   10   12    0    0    7    2    0]
 [  99    3  481  249   10   68    9   77   36    0]
 [  16    1   98  759    1   85    4    8   38    0]
 [ 122   69   51   37  481    9   57   46   64   46]
 [  28    2   51  218    2  461   36   27   65    2]
 [ 164    5   11    4   15   45  577   19   94   24]
 [  43   28   62   34   16    7   12  822    3    1]
 [  75   13   22   75   24   92   42    9  609   13]
 [ 153   21   23   17  174   28  191   88  176  138]]
W_0:
W_0: sim_mat:
[[1.000 0.037 0.008 0.016 0.071 0.266 0.342 0.041]
 [0.037 1.000 0.022 0.291 0.164 0.110 0.227 0.313]
 [0.008 0.022 1.000 0.180 0.184 0.206 0.062 0.272]
 [0.016 0.291 0.180 1.000 0.108 0.310 0.073 0.328]
 [0.071 0.164 0.184 0.108 1.000 0.245 0.355 0.264]
 [0.266 0.110 0.206 0.310 0.245 1.000 0.264 0.222]
 [0.342 0.227 0.062 0.073 0.355 0.264 1.000 0.412]
 [0.041 0.313 0.272 0.328 0.264 0.222 0.412 1.000]]
W_0: eigenvalues of sim_mat:
[2.425 1.236 0.411 0.537 0.637 0.752 0.964 1.038]
W_0: det_1, det_2:  0.31696537 190.64824
W_1:
W_1: sim_mat:
[[1.000 0.020 0.006 0.009 0.011 0.006 0.011 0.008]
 [0.020 1.000 0.002 0.009 0.008 0.001 0.006 0.000]
 [0.006 0.002 1.000 0.002 0.003 0.001 0.002 0.005]
 [0.009 0.009 0.002 1.000 0.006 0.001 0.009 0.001]
 [0.011 0.008 0.003 0.006 1.000 0.002 0.005 0.001]
 [0.006 0.001 0.001 0.001 0.002 1.000 0.003 0.016]
 [0.011 0.006 0.002 0.009 0.005 0.003 1.000 0.002]
 [0.008 0.000 0.005 0.001 0.001 0.016 0.002 1.000]]
W_1: eigenvalues of sim_mat:
[1.043 0.977 1.015 0.983 0.991 0.994 0.997 0.999]
W_1: det_1, det_2:  0.99854934 255.90651
W_2:
W_2: sim_mat:
[[1.000 0.007 0.011 0.001 0.002 0.001 0.001 0.002]
 [0.007 1.000 0.008 0.025 0.005 0.006 0.010 0.006]
 [0.011 0.008 1.000 0.006 0.005 0.001 0.005 0.003]
 [0.001 0.025 0.006 1.000 0.019 0.002 0.002 0.004]
 [0.002 0.005 0.005 0.019 1.000 0.002 0.007 0.004]
 [0.001 0.006 0.001 0.002 0.002 1.000 0.001 0.002]
 [0.001 0.010 0.005 0.002 0.007 0.001 1.000 0.005]
 [0.002 0.006 0.003 0.004 0.004 0.002 0.005 1.000]]
W_2: eigenvalues of sim_mat:
[1.045 0.969 0.989 1.007 0.993 0.996 1.002 1.000]
W_2: det_1, det_2:  0.9984118 255.89761
Epoch 1/1
 - 11s - loss: 4.7225 - acc: 0.6453
<keras.callbacks.History object at 0x000001E3DEE200B8>
6 : stats: 
conf_mat:
[[ 839    5   25    3   10   10   38    9   38    3]
 [   2 1099    3   11   13    0    0    5    2    0]
 [  76    2  569  198   12   73    7   60   34    1]
 [   9    1  112  740    1  101    5    5   36    0]
 [  96   62   49   30  553   11   50   29   59   43]
 [  23    2   53  174    7  502   38   18   72    3]
 [ 129    4    8    3   25   49  623   13   81   23]
 [  38   27   78   25   30    9    7  810    2    2]
 [  64    9   25   57   33   93   36    5  635   17]
 [ 136   14   34   15  217   23  167   67  164  172]]
W_0:
W_0: sim_mat:
[[1.000 0.028 0.005 0.013 0.056 0.251 0.309 0.032]
 [0.028 1.000 0.016 0.250 0.134 0.089 0.201 0.271]
 [0.005 0.016 1.000 0.160 0.159 0.174 0.049 0.249]
 [0.013 0.250 0.160 1.000 0.086 0.286 0.059 0.296]
 [0.056 0.134 0.159 0.086 1.000 0.212 0.316 0.219]
 [0.251 0.089 0.174 0.286 0.212 1.000 0.236 0.194]
 [0.309 0.201 0.049 0.059 0.316 0.236 1.000 0.382]
 [0.032 0.271 0.249 0.296 0.219 0.194 0.382 1.000]]
W_0: eigenvalues of sim_mat:
[2.254 1.220 0.452 0.574 0.684 0.791 0.986 1.039]
W_0: det_1, det_2:  0.3953897 201.63092
W_1:
W_1: sim_mat:
[[1.000 0.018 0.005 0.009 0.010 0.005 0.009 0.006]
 [0.018 1.000 0.002 0.007 0.006 0.001 0.005 0.000]
 [0.005 0.002 1.000 0.002 0.002 0.001 0.001 0.004]
 [0.009 0.007 0.002 1.000 0.005 0.001 0.008 0.001]
 [0.010 0.006 0.002 0.005 1.000 0.002 0.004 0.001]
 [0.005 0.001 0.001 0.001 0.002 1.000 0.002 0.013]
 [0.009 0.005 0.001 0.008 0.004 0.002 1.000 0.001]
 [0.006 0.000 0.004 0.001 0.001 0.013 0.001 1.000]]
W_1: eigenvalues of sim_mat:
[1.037 0.980 1.012 0.986 0.992 0.995 0.998 0.999]
W_1: det_1, det_2:  0.99892974 255.93117
W_2:
W_2: sim_mat:
[[1.000 0.006 0.009 0.001 0.001 0.000 0.000 0.002]
 [0.006 1.000 0.006 0.019 0.006 0.007 0.009 0.007]
 [0.009 0.006 1.000 0.005 0.004 0.001 0.003 0.002]
 [0.001 0.019 0.005 1.000 0.016 0.001 0.001 0.002]
 [0.001 0.006 0.004 0.016 1.000 0.001 0.005 0.004]
 [0.000 0.007 0.001 0.001 0.001 1.000 0.002 0.001]
 [0.000 0.009 0.003 0.001 0.005 0.002 1.000 0.004]
 [0.002 0.007 0.002 0.002 0.004 0.001 0.004 1.000]]
W_2: eigenvalues of sim_mat:
[1.037 0.975 1.007 0.990 0.992 1.003 0.996 1.000]
W_2: det_1, det_2:  0.99889076 255.9286
Epoch 1/1
 - 11s - loss: 4.6760 - acc: 0.6684
<keras.callbacks.History object at 0x000001E3E3BFF780>
7 : stats: 
conf_mat:
[[ 838    4   32    2    8   10   38    7   36    5]
 [   2 1097    3   10   15    0    0    5    3    0]
 [  57    1  649  160   10   72    6   44   29    4]
 [   7    0  125  735    2  105    4    4   27    1]
 [  81   54   48   25  600   11   38   18   49   58]
 [  18    3   57  144    7  548   35   13   64    3]
 [ 110    4    8    3   31   45  652    9   69   27]
 [  35   26   98   20   36   14    6  789    1    3]
 [  58    7   26   46   35   95   38    4  644   21]
 [ 124   10   41   11  218   27  137   53  139  249]]
W_0:
W_0: sim_mat:
[[1.000 0.022 0.004 0.010 0.046 0.236 0.282 0.025]
 [0.022 1.000 0.012 0.219 0.111 0.072 0.178 0.238]
 [0.004 0.012 1.000 0.140 0.139 0.149 0.040 0.228]
 [0.010 0.219 0.140 1.000 0.068 0.263 0.049 0.269]
 [0.046 0.111 0.139 0.068 1.000 0.186 0.284 0.184]
 [0.236 0.072 0.149 0.263 0.186 1.000 0.211 0.171]
 [0.282 0.178 0.040 0.049 0.284 0.211 1.000 0.354]
 [0.025 0.238 0.228 0.269 0.184 0.171 0.354 1.000]]
W_0: eigenvalues of sim_mat:
[2.113 1.207 0.490 0.606 0.721 0.823 1.000 1.040]
W_0: det_1, det_2:  0.46729732 210.44516
W_1:
W_1: sim_mat:
[[1.000 0.015 0.003 0.009 0.009 0.004 0.008 0.005]
 [0.015 1.000 0.001 0.005 0.004 0.000 0.004 0.000]
 [0.003 0.001 1.000 0.002 0.002 0.001 0.001 0.003]
 [0.009 0.005 0.002 1.000 0.004 0.001 0.007 0.001]
 [0.009 0.004 0.002 0.004 1.000 0.002 0.002 0.001]
 [0.004 0.000 0.001 0.001 0.002 1.000 0.002 0.011]
 [0.008 0.004 0.001 0.007 0.002 0.002 1.000 0.001]
 [0.005 0.000 0.003 0.001 0.001 0.011 0.001 1.000]]
W_1: eigenvalues of sim_mat:
[1.031 0.983 1.010 0.989 0.993 0.996 0.999 1.000]
W_1: det_1, det_2:  0.9992467 255.95166
W_2:
W_2: sim_mat:
[[1.000 0.006 0.008 0.000 0.001 0.000 0.000 0.002]
 [0.006 1.000 0.005 0.012 0.006 0.007 0.006 0.007]
 [0.008 0.005 1.000 0.004 0.003 0.000 0.002 0.001]
 [0.000 0.012 0.004 1.000 0.013 0.001 0.001 0.001]
 [0.001 0.006 0.003 0.013 1.000 0.001 0.004 0.003]
 [0.000 0.007 0.000 0.001 0.001 1.000 0.001 0.001]
 [0.000 0.006 0.002 0.001 0.004 0.001 1.000 0.003]
 [0.002 0.007 0.001 0.001 0.003 0.001 0.003 1.000]]
W_2: eigenvalues of sim_mat:
[1.029 0.983 0.991 0.992 1.006 1.003 0.997 1.000]
W_2: det_1, det_2:  0.9993339 255.95715
Epoch 1/1
 - 10s - loss: 4.6379 - acc: 0.6875
<keras.callbacks.History object at 0x000001E3E75674A8>
8 : stats: 
conf_mat:
[[ 838    5   35    1   10    6   38    7   36    4]
 [   2 1095    3    8   19    0    0    5    3    0]
 [  47    2  699  125    9   68    6   40   29    7]
 [   8    0  137  716    2  109    2    2   32    2]
 [  69   46   45   13  643   10   27   11   51   67]
 [  15    4   67  112   10  570   27    9   74    4]
 [  98    5    6    1   35   41  677    6   61   28]
 [  34   22  107   18   37   11    5  787    1    6]
 [  47    7   25   41   37   95   30    4  661   27]
 [ 117    8   47    8  212   21  106   40  122  328]]
W_0:
W_0: sim_mat:
[[1.000 0.017 0.003 0.008 0.037 0.220 0.259 0.020]
 [0.017 1.000 0.009 0.194 0.093 0.059 0.161 0.211]
 [0.003 0.009 1.000 0.123 0.124 0.130 0.032 0.210]
 [0.008 0.194 0.123 1.000 0.055 0.242 0.040 0.247]
 [0.037 0.093 0.124 0.055 1.000 0.166 0.256 0.156]
 [0.220 0.059 0.130 0.242 0.166 1.000 0.190 0.151]
 [0.259 0.161 0.032 0.040 0.256 0.190 1.000 0.329]
 [0.020 0.211 0.210 0.247 0.156 0.151 0.329 1.000]]
W_0: eigenvalues of sim_mat:
[1.997 1.193 0.523 0.636 0.752 0.849 1.009 1.041]
W_0: det_1, det_2:  0.5314726 217.52623
W_1:
W_1: sim_mat:
[[1.000 0.012 0.003 0.009 0.007 0.003 0.006 0.004]
 [0.012 1.000 0.001 0.005 0.003 0.000 0.003 0.000]
 [0.003 0.001 1.000 0.001 0.001 0.001 0.001 0.002]
 [0.009 0.005 0.001 1.000 0.003 0.001 0.007 0.001]
 [0.007 0.003 0.001 0.003 1.000 0.002 0.002 0.000]
 [0.003 0.000 0.001 0.001 0.002 1.000 0.002 0.009]
 [0.006 0.003 0.001 0.007 0.002 0.002 1.000 0.001]
 [0.004 0.000 0.002 0.001 0.000 0.009 0.001 1.000]]
W_1: eigenvalues of sim_mat:
[1.026 1.008 0.985 1.000 0.999 0.997 0.991 0.993]
W_1: det_1, det_2:  0.99945474 255.96497
W_2:
W_2: sim_mat:
[[1.000 0.005 0.007 0.000 0.001 0.001 0.000 0.002]
 [0.005 1.000 0.005 0.007 0.005 0.007 0.004 0.006]
 [0.007 0.005 1.000 0.003 0.002 0.000 0.001 0.001]
 [0.000 0.007 0.003 1.000 0.010 0.001 0.001 0.001]
 [0.001 0.005 0.002 0.010 1.000 0.001 0.003 0.003]
 [0.001 0.007 0.000 0.001 0.001 1.000 0.001 0.001]
 [0.000 0.004 0.001 0.001 0.003 0.001 1.000 0.002]
 [0.002 0.006 0.001 0.001 0.003 0.001 0.002 1.000]]
W_2: eigenvalues of sim_mat:
[1.023 0.987 0.991 0.993 1.005 1.003 0.998 1.000]
W_2: det_1, det_2:  0.99956495 255.97217
Epoch 1/1
 - 10s - loss: 4.6051 - acc: 0.7036
<keras.callbacks.History object at 0x000001E3E7547A58>
9 : stats: 
conf_mat:
[[ 833    4   39    1   11    8   35    7   38    4]
 [   1 1095    3    8   20    0    0    5    3    0]
 [  35    2  734  106   10   71    3   34   29    8]
 [   7    0  144  710    3  110    1    2   30    3]
 [  63   45   45    9  659   10   24    9   44   74]
 [  13    3   71  107   11  578   23    7   74    5]
 [  88    4    8    1   35   39  688    5   61   29]
 [  30   17  115   17   38   14    4  786    1    6]
 [  42    6   24   35   41   99   23    2  672   30]
 [ 113    7   51    7  188   22   84   35  108  394]]
W_0:
W_0: sim_mat:
[[1.000 0.013 0.002 0.006 0.031 0.205 0.239 0.016]
 [0.013 1.000 0.007 0.173 0.079 0.049 0.146 0.188]
 [0.002 0.007 1.000 0.108 0.111 0.115 0.027 0.193]
 [0.006 0.173 0.108 1.000 0.045 0.224 0.034 0.228]
 [0.031 0.079 0.111 0.045 1.000 0.150 0.232 0.133]
 [0.205 0.049 0.115 0.224 0.150 1.000 0.171 0.134]
 [0.239 0.146 0.027 0.034 0.232 0.171 1.000 0.307]
 [0.016 0.188 0.193 0.228 0.133 0.134 0.307 1.000]]
W_0: eigenvalues of sim_mat:
[1.899 0.554 1.181 0.662 0.778 0.871 1.015 1.041]
W_0: det_1, det_2:  0.5878921 223.26482
W_1:
W_1: sim_mat:
[[1.000 0.011 0.002 0.008 0.006 0.003 0.006 0.003]
 [0.011 1.000 0.001 0.004 0.002 0.000 0.002 0.000]
 [0.002 0.001 1.000 0.001 0.001 0.001 0.001 0.002]
 [0.008 0.004 0.001 1.000 0.002 0.001 0.006 0.001]
 [0.006 0.002 0.001 0.002 1.000 0.002 0.001 0.000]
 [0.003 0.000 0.001 0.001 0.002 1.000 0.002 0.007]
 [0.006 0.002 0.001 0.006 0.001 0.002 1.000 0.001]
 [0.003 0.000 0.002 0.001 0.000 0.007 0.001 1.000]]
W_1: eigenvalues of sim_mat:
[1.023 0.987 1.006 0.993 0.994 0.998 1.000 0.999]
W_1: det_1, det_2:  0.9995997 255.97438
W_2:
W_2: sim_mat:
[[1.000 0.005 0.006 0.000 0.001 0.001 0.000 0.002]
 [0.005 1.000 0.004 0.004 0.004 0.006 0.003 0.005]
 [0.006 0.004 1.000 0.002 0.002 0.000 0.001 0.001]
 [0.000 0.004 0.002 1.000 0.008 0.001 0.000 0.001]
 [0.001 0.004 0.002 0.008 1.000 0.001 0.003 0.003]
 [0.001 0.006 0.000 0.001 0.001 1.000 0.001 0.001]
 [0.000 0.003 0.001 0.000 0.003 0.001 1.000 0.002]
 [0.002 0.005 0.001 0.001 0.003 0.001 0.002 1.000]]
W_2: eigenvalues of sim_mat:
[1.019 0.991 0.993 0.992 1.005 1.003 0.998 1.000]
W_2: det_1, det_2:  0.99970996 255.98146
Epoch 1/1
 - 10s - loss: 4.5774 - acc: 0.7214
<keras.callbacks.History object at 0x000001E3E8C554E0>
10 : stats: 
conf_mat:
[[ 841    4   36    1   11   10   31    6   35    5]
 [   1 1095    3   10   19    0    0    5    1    1]
 [  27    1  757  100   10   65    3   31   28   10]
 [   5    1  143  714    1  112    1    2   28    3]
 [  52   38   41    9  667    9   18    9   45   94]
 [   9    3   68  101   14  593   22    6   69    7]
 [  81    4    8    1   33   38  694    4   55   40]
 [  24   16  118   18   32   14    1  788    0   17]
 [  38    7   20   31   34  105   18    1  685   35]
 [ 105    2   49    6  151   24   59   26  101  486]]
W_0:
W_0: sim_mat:
[[1.000 0.011 0.001 0.005 0.026 0.191 0.222 0.013]
 [0.011 1.000 0.005 0.156 0.067 0.041 0.133 0.170]
 [0.001 0.005 1.000 0.096 0.100 0.102 0.022 0.179]
 [0.005 0.156 0.096 1.000 0.037 0.207 0.029 0.212]
 [0.026 0.067 0.100 0.037 1.000 0.137 0.211 0.114]
 [0.191 0.041 0.102 0.207 0.137 1.000 0.155 0.120]
 [0.222 0.133 0.022 0.029 0.211 0.155 1.000 0.285]
 [0.013 0.170 0.179 0.212 0.114 0.120 0.285 1.000]]
W_0: eigenvalues of sim_mat:
[1.816 0.582 1.170 0.685 0.800 0.888 1.018 1.041]
W_0: det_1, det_2:  0.63739 227.97379
W_1:
W_1: sim_mat:
[[1.000 0.009 0.001 0.007 0.005 0.002 0.005 0.002]
 [0.009 1.000 0.001 0.004 0.002 0.000 0.002 0.000]
 [0.001 0.001 1.000 0.001 0.001 0.001 0.000 0.001]
 [0.007 0.004 0.001 1.000 0.002 0.001 0.006 0.001]
 [0.005 0.002 0.001 0.002 1.000 0.002 0.001 0.000]
 [0.002 0.000 0.001 0.001 0.002 1.000 0.002 0.006]
 [0.005 0.002 0.000 0.006 0.001 0.002 1.000 0.000]
 [0.002 0.000 0.001 0.001 0.000 0.006 0.000 1.000]]
W_1: eigenvalues of sim_mat:
[1.020 0.989 1.005 0.993 0.994 0.998 1.000 0.999]
W_1: det_1, det_2:  0.9996965 255.98047
W_2:
W_2: sim_mat:
[[1.000 0.005 0.006 0.000 0.001 0.001 0.000 0.002]
 [0.005 1.000 0.004 0.002 0.003 0.005 0.001 0.004]
 [0.006 0.004 1.000 0.001 0.002 0.000 0.001 0.001]
 [0.000 0.002 0.001 1.000 0.006 0.000 0.000 0.000]
 [0.001 0.003 0.002 0.006 1.000 0.000 0.002 0.003]
 [0.001 0.005 0.000 0.000 0.000 1.000 0.001 0.001]
 [0.000 0.001 0.001 0.000 0.002 0.001 1.000 0.002]
 [0.002 0.004 0.001 0.000 0.003 0.001 0.002 1.000]]
W_2: eigenvalues of sim_mat:
[1.015 1.005 1.002 1.000 0.998 0.993 0.993 0.993]
W_2: det_1, det_2:  0.9998003 255.98706
Epoch 1/1
 - 10s - loss: 4.5545 - acc: 0.7366
<keras.callbacks.History object at 0x000001E3ED7169E8>
11 : stats: 
conf_mat:
[[ 837    4   40    1    8    9   31    6   34   10]
 [   1 1096    3    9   18    0    0    6    1    1]
 [  24    1  773   89   10   59    4   32   27   13]
 [   5    1  144  720    1  102    1    2   29    5]
 [  45   32   36    7  679    9   16   10   41  107]
 [  11    3   71   96   14  591   19    6   67   14]
 [  74    3    9    1   36   34  707    3   46   45]
 [  22   14  113   18   27   10    0  802    0   22]
 [  36    7   19   30   33   98   15    0  692   44]
 [  94    2   51    6  120   18   41   23   89  565]]
W_0:
W_0: sim_mat:
[[1.000 0.009 0.001 0.004 0.022 0.178 0.207 0.011]
 [0.009 1.000 0.004 0.143 0.059 0.035 0.123 0.155]
 [0.001 0.004 1.000 0.084 0.091 0.092 0.019 0.167]
 [0.004 0.143 0.084 1.000 0.031 0.191 0.024 0.199]
 [0.022 0.059 0.091 0.031 1.000 0.125 0.194 0.098]
 [0.178 0.035 0.092 0.191 0.125 1.000 0.140 0.107]
 [0.207 0.123 0.019 0.024 0.194 0.140 1.000 0.266]
 [0.011 0.155 0.167 0.199 0.098 0.107 0.266 1.000]]
W_0: eigenvalues of sim_mat:
[1.746 0.607 0.706 1.160 0.817 0.902 1.021 1.040]
W_0: det_1, det_2:  0.6799322 231.81387
W_1:
W_1: sim_mat:
[[1.000 0.008 0.001 0.007 0.005 0.002 0.004 0.002]
 [0.008 1.000 0.001 0.004 0.002 0.000 0.001 0.000]
 [0.001 0.001 1.000 0.001 0.001 0.001 0.000 0.001]
 [0.007 0.004 0.001 1.000 0.002 0.001 0.005 0.000]
 [0.005 0.002 0.001 0.002 1.000 0.002 0.001 0.000]
 [0.002 0.000 0.001 0.001 0.002 1.000 0.002 0.006]
 [0.004 0.001 0.000 0.005 0.001 0.002 1.000 0.000]
 [0.002 0.000 0.001 0.000 0.000 0.006 0.000 1.000]]
W_1: eigenvalues of sim_mat:
[1.018 0.990 1.005 0.994 0.995 0.998 1.000 1.000]
W_1: det_1, det_2:  0.9997419 255.98354
W_2:
W_2: sim_mat:
[[1.000 0.004 0.006 0.000 0.001 0.001 0.000 0.003]
 [0.004 1.000 0.003 0.001 0.002 0.004 0.001 0.003]
 [0.006 0.003 1.000 0.001 0.001 0.000 0.001 0.001]
 [0.000 0.001 0.001 1.000 0.005 0.000 0.000 0.000]
 [0.001 0.002 0.001 0.005 1.000 0.000 0.002 0.003]
 [0.001 0.004 0.000 0.000 0.000 1.000 0.001 0.000]
 [0.000 0.001 0.001 0.000 0.002 0.001 1.000 0.002]
 [0.003 0.003 0.001 0.000 0.003 0.000 0.002 1.000]]
W_2: eigenvalues of sim_mat:
[1.013 1.004 0.994 0.995 0.994 1.001 1.000 0.998]
W_2: det_1, det_2:  0.9998512 255.9905
Epoch 1/1
 - 10s - loss: 4.5344 - acc: 0.7472
<keras.callbacks.History object at 0x000001E3E8AD69E8>
12 : stats: 
conf_mat:
[[ 833    4   39    1    6    8   34    6   37   12]
 [   1 1094    3    9   20    0    0    6    1    1]
 [  21    1  785   79    8   55    4   33   27   19]
 [   4    1  147  721    1   99    1    2   29    5]
 [  34   23   33    6  698    6   15   10   41  116]
 [   7    2   69   92   12  606   16    8   64   16]
 [  58    2    7    1   40   30  726    3   44   47]
 [  19   10  119   17   28   10    0  797    0   28]
 [  34    5   17   34   28   97   15    0  691   53]
 [  84    3   45    6   91   11   32   22   78  637]]
W_0:
W_0: sim_mat:
[[1.000 0.007 0.001 0.003 0.018 0.167 0.194 0.009]
 [0.007 1.000 0.003 0.132 0.051 0.030 0.114 0.143]
 [0.001 0.003 1.000 0.074 0.084 0.084 0.016 0.155]
 [0.003 0.132 0.074 1.000 0.026 0.178 0.021 0.187]
 [0.018 0.051 0.084 0.026 1.000 0.117 0.179 0.086]
 [0.167 0.030 0.084 0.178 0.117 1.000 0.128 0.096]
 [0.194 0.114 0.016 0.021 0.179 0.128 1.000 0.248]
 [0.009 0.143 0.155 0.187 0.086 0.096 0.248 1.000]]
W_0: eigenvalues of sim_mat:
[1.686 0.630 0.724 1.152 0.832 0.914 1.023 1.039]
W_0: det_1, det_2:  0.7161664 234.94804
W_1:
W_1: sim_mat:
[[1.000 0.007 0.001 0.006 0.004 0.002 0.004 0.001]
 [0.007 1.000 0.001 0.003 0.002 0.000 0.001 0.000]
 [0.001 0.001 1.000 0.001 0.001 0.001 0.000 0.001]
 [0.006 0.003 0.001 1.000 0.002 0.001 0.005 0.000]
 [0.004 0.002 0.001 0.002 1.000 0.002 0.001 0.000]
 [0.002 0.000 0.001 0.001 0.002 1.000 0.002 0.006]
 [0.004 0.001 0.000 0.005 0.001 0.002 1.000 0.000]
 [0.001 0.000 0.001 0.000 0.000 0.006 0.000 1.000]]
W_1: eigenvalues of sim_mat:
[1.016 1.005 0.991 0.994 0.995 0.999 1.000 1.000]
W_1: det_1, det_2:  0.9997814 255.98596
W_2:
W_2: sim_mat:
[[1.000 0.004 0.005 0.000 0.001 0.002 0.000 0.003]
 [0.004 1.000 0.003 0.001 0.002 0.003 0.001 0.003]
 [0.005 0.003 1.000 0.001 0.001 0.000 0.001 0.001]
 [0.000 0.001 0.001 1.000 0.004 0.000 0.000 0.000]
 [0.001 0.002 0.001 0.004 1.000 0.000 0.002 0.002]
 [0.002 0.003 0.000 0.000 0.000 1.000 0.001 0.000]
 [0.000 0.001 0.001 0.000 0.002 0.001 1.000 0.002]
 [0.003 0.003 0.001 0.000 0.002 0.000 0.002 1.000]]
W_2: eigenvalues of sim_mat:
[1.012 1.004 0.994 0.996 0.995 1.001 1.000 0.999]
W_2: det_1, det_2:  0.99988484 255.99268
Epoch 1/1
 - 12s - loss: 4.5167 - acc: 0.7599
<keras.callbacks.History object at 0x000001E3ED8F44A8>
13 : stats: 
conf_mat:
[[ 833    4   37    0    6    8   34    6   38   14]
 [   1 1091    4    9   23    0    0    6    1    0]
 [  17    1  793   71    8   55    3   32   24   28]
 [   3    1  151  712    2  101    1    2   32    5]
 [  30   22   28    4  713    7   14    8   33  123]
 [   6    2   70   90   12  613   11    6   65   17]
 [  58    2    5    1   40   26  733    3   41   49]
 [  15    8  113   14   28    9    0  805    0   36]
 [  30    4   14   28   30   93   15    0  700   60]
 [  78    3   40    5   69    9   19   23   69  694]]
W_0:
W_0: sim_mat:
[[1.000 0.006 0.001 0.003 0.016 0.156 0.182 0.008]
 [0.006 1.000 0.003 0.122 0.045 0.026 0.106 0.133]
 [0.001 0.003 1.000 0.066 0.078 0.076 0.014 0.145]
 [0.003 0.122 0.066 1.000 0.022 0.167 0.018 0.177]
 [0.016 0.045 0.078 0.022 1.000 0.109 0.166 0.076]
 [0.156 0.026 0.076 0.167 0.109 1.000 0.117 0.087]
 [0.182 0.106 0.014 0.018 0.166 0.117 1.000 0.233]
 [0.008 0.133 0.145 0.177 0.076 0.087 0.233 1.000]]
W_0: eigenvalues of sim_mat:
[1.634 0.651 1.144 0.740 0.845 0.924 1.025 1.038]
W_0: det_1, det_2:  0.7472713 237.5461
W_1:
W_1: sim_mat:
[[1.000 0.007 0.001 0.006 0.004 0.002 0.004 0.001]
 [0.007 1.000 0.000 0.003 0.001 0.000 0.001 0.000]
 [0.001 0.000 1.000 0.001 0.000 0.001 0.000 0.001]
 [0.006 0.003 0.001 1.000 0.001 0.001 0.005 0.000]
 [0.004 0.001 0.000 0.001 1.000 0.002 0.001 0.000]
 [0.002 0.000 0.001 0.001 0.002 1.000 0.002 0.006]
 [0.004 0.001 0.000 0.005 0.001 0.002 1.000 0.000]
 [0.001 0.000 0.001 0.000 0.000 0.006 0.000 1.000]]
W_1: eigenvalues of sim_mat:
[1.015 1.005 0.992 0.994 0.995 0.999 1.000 1.000]
W_1: det_1, det_2:  0.9998108 255.98781
W_2:
W_2: sim_mat:
[[1.000 0.004 0.005 0.000 0.001 0.002 0.000 0.003]
 [0.004 1.000 0.003 0.000 0.001 0.003 0.000 0.002]
 [0.005 0.003 1.000 0.001 0.001 0.000 0.000 0.001]
 [0.000 0.000 0.001 1.000 0.004 0.000 0.000 0.000]
 [0.001 0.001 0.001 0.004 1.000 0.000 0.002 0.002]
 [0.002 0.003 0.000 0.000 0.000 1.000 0.001 0.000]
 [0.000 0.000 0.000 0.000 0.002 0.001 1.000 0.001]
 [0.003 0.002 0.001 0.000 0.002 0.000 0.001 1.000]]
W_2: eigenvalues of sim_mat:
[1.011 1.004 0.994 0.996 0.996 1.001 1.000 0.999]
W_2: det_1, det_2:  0.99990237 255.99367
Epoch 1/1
 - 10s - loss: 4.5011 - acc: 0.7679
